[   ] 
        
        -57
        
        -263
            
          140
            -958
                2
             
        -1091
            
          906
               -1
                 4
               
        -1765
            
          -682
      
    [   ] 
        
        
        -30
        
           0
             -59
              -27
                  14
            
           -92
            
           -14
               -3
               
        -207
            
          68
        -1258
            
        -2102
            -86
          -206
      
    [   ] 
        
      -19
        
       -42
             37
              21
                -21
           -55
           -7
            
           8
                3
                 1
            
        -26
          -72
             30
              17
                -19
              -37
      
    [   ] 
        
       -5
        
           4
           -62
             22
             -81
            
           2
                2
                 1
              -56
        -160
          -49
             47
               -93
             -77
      
    [   ] 
        
      -1
        
     -19
          68
                -44
             -39
            -25
         -36
        -254
             24
               -10
                  3
              -57
       [   ] 
        
        
    [   ] 
        
        -22
          -28
             -90
           -17
            -63
           -61
            4
             -62
            -22
        -545
             -54
        -1995
          -1595
                 3
       [   ] 
        
        
    [   ] 
        
        -108
             77
               -36
                -12
               -11
           -60
            49
               25
              -3
             -24
       [   ] 
        
        
    [   ] 
        
          -7
           8
             -3
              7
                -1
               -1
                 6
           -20
        -75
          -79
             8
             14
              -37
       [   ] 
        
        
    [   ] 
        
           3
            66
             -80
                -16
               -27
           -34
            25
             -59
            -38
        -445
          -396
                 4
       [   ] 
        
        
    [   ] 
        
            0
            19
              69
                -16
               -20
              -27
           -53
            8
             -38
            -43
        -259
          -153
            38
                 3
       [   ] 
        
        
    [   ] 
        
            8
              51
              176
                -79
              -108
           -24
            2
            -71
             -26
        -150
          -36
            168
                 3
       [   ] 
        
        
    [   ] 
        
      -36
          95
            161
                -61
              -17
            -24
            80
             -11
        -415
          -194
              83
                  3
       [   ] 
        
        
    [   ] 
        
      -4
        63
              20
                -24
              -20
             -43
           -37
        -219
            -40
              -8
                  3
          -53
       [   ] 
        
        
    [   ] 
        
        -65
             13
               -36
                -33
             -29
           -40
            -7
              -18
        -396
          -277
                  7
       [   ] 
        
        
    [   ] 
        
      -59
        17
                -24
             -9
              -20
            -28
           -28
        -346
           -39
               -2
       [   ] 
        
        
    [   ] 
        
          -5
           9
            17
                -12
              -16
             -16
           -20
         -16
        -143
            -4
               -9
       [   ] 
        
        
    [   ] 
        
            58
                  3
                -67
                 -59
              -40
             -28
           -25
        -165
          -59
               -3
       [   ] 
        
        
    [   ] 
        
      -37
           47
                -27
                -27
              -10
             -38
           -23
        -170
          -59
               -3
       [   ] 
        
        
    [   ] 
        
      -65
           20
                 48
                -69
              -18
             -24
           -53
        -190
          -67
               -5
       [   ] 
        
        
    [   ] 
        
      -23
           12
               -8
                -7
              -4
             -17
           -8
         -19
        -116
          -55
               -8
       [   ] 
        
        
    [   ] 
        
      -30
           41
                  23
                -36
              -21
             -71
           -63
        -279
          -53
               -8
       [   ] 
        
        
    [   ] 
        
      -78
           40
                 60
                -96
              -25
             -18
           -11
        -213
          -57
               -9
       [   ] 
        
        
    [   ] 
        
      -30
           41
                 47
                -63
              -36
             -17
           -18
        -279
          -53
               -7
       [   ] 
        
        
    [   ] 
        
      -63
           40
                 99
                -94
              -26
             -15
           -10
        -213
          -68
               -7
       [   ] 
        
        
    [   ] 
        
      -78
           40
                104
                -93
              -24
             -17
           -11
        -213
          -57
               -6
       [   ] 
        
        
    [   ] 
        
      -30
           41
                 78
                -86
              -22
             -9
           -8
        -279
          -53
               -4
       [   ] 
        
        
    [   ] 
        
      -30
           41
                 47
                -63
              -36
             -18
           -18
        -279
          -53
               -7
       [   ] 
        
        
    [   ] 
        
      -49
           40
                 71
                -85
              -20
             -9
           -6
        -242
          -58
               -3
       [   ] 
        
        
    [   ]